Fitness: -93.50060107877174
Objective: 0.9106010787717338
Individual: -2.09869 -1.05761 2.89546 -1.90719 0.01436 0.72643 -1.94548 1.70123 0.90570 2.40463 
Gradient: -0.00000 0.24835 0.00000 -0.00000 0.00000 0.00000 -0.00001 0.00001 0.00000 0.00001 
Xopt: -2.10484 2.10484 2.10484 -2.10484 -2.10484 2.10484 -2.10484 2.10484 2.10484 2.10484 
Fopt: 92.59
F(Xopt): 92.59
