Fitness: 88.39902833232408
Objective: 0.6209716676759172
Individual: -1.47431 3.00403 1.86636 -2.20706 -2.07929 2.11123 1.27839 2.31146 -2.05319 -0.97381 
Gradient: 0.39696 0.00000 0.00000 -0.91868 -0.00000 0.00000 0.00000 0.00001 -0.00001 -0.00000 
Xopt: 2.10484 2.10484 2.10484 -2.10484 -2.10484 2.10484 2.10484 2.10484 -2.10484 -2.10484 
Fopt: -89.02
F(Xopt): -89.02
