Fitness: -59.297385774161114
Objective: 1.7173857741611158
Individual: -1.01907 -0.80681 0.71980 -0.01345 -0.99843 -1.80870 0.49980 2.50610 -1.61432 1.08353 
Gradient: -0.00002 -0.00000 0.00000 -0.00000 -0.00000 -0.00000 0.00000 0.00001 -0.00001 0.00001 
Xopt: -2.10484 2.10484 2.10484 2.10484 -2.10484 -2.10484 2.10484 2.10484 -2.10484 2.10484 
Fopt: 57.58
F(Xopt): 57.58
