Fitness: -87.59275627054036
Objective: 1.2027562705403625
Individual: -1.51262 2.05382 2.11760 -1.36193 2.29057 2.05841 -0.43737 0.63989 -1.49033 -2.25847 
Gradient: 0.00000 0.00000 0.00000 -0.00000 0.00000 0.00000 -0.00001 0.00015 -0.00001 -0.00001 
Xopt: 2.10484 2.10484 2.10484 -2.10484 2.10484 2.10484 -2.10484 2.10484 -2.10484 -2.10484 
Fopt: 86.39
F(Xopt): 86.39
