Fitness: -238.52829567872595
Objective: 0.8882956787259673
Individual: -1.01909 1.42089 2.27583 1.32237 -2.30046 2.05594 -0.43799 1.04410 -2.37003 2.03855 
Gradient: -0.00017 0.00000 0.00000 0.00000 -0.00000 0.00000 -0.00000 0.00000 -0.00001 0.00001 
Xopt: -2.10484 2.10484 2.10484 2.10484 -2.10484 2.10484 -2.10484 2.10484 -2.10484 2.10484 
Fopt: 237.64
F(Xopt): 237.64
