Fitness: -290.77087763120505
Objective: 0.9308776312050782
Individual: 1.12995 -2.35249 0.77166 0.35942 2.54120 1.99575 -2.13212 0.98344 1.08514 2.35977 
Gradient: 1.06146 0.00685 0.23211 0.00000 0.00000 0.00000 -0.00001 0.00000 0.00001 0.00001 
Xopt: 2.10484 -2.10484 -2.10484 2.10484 2.10484 2.10484 -2.10484 2.10484 2.10484 2.10484 
Fopt: 289.84
F(Xopt): 289.84
