Fitness: 256.12831528223643
Objective: 0.6316847177635623
Individual: -2.10484 -2.10484 2.10484 -2.10484 2.10484 2.10484 1.60087 0.75338 -1.46196 -2.26556 
Gradient: -0.00000 -0.00000 0.00000 -0.00000 0.00000 0.00000 0.00000 0.00000 -0.00001 -0.00001 
Xopt: -2.10484 -2.10484 2.10484 -2.10484 2.10484 2.10484 2.10484 2.10484 -2.10484 -2.10484 
Fopt: -256.76
F(Xopt): -256.76
