Fitness: 55.634684996149545
Objective: 0.3553150038504569
Individual: -2.10484 -2.10484 -2.10484 -0.35971 -0.55237 0.58475 -2.48487 2.00984 2.12860 -2.09891 
Gradient: 0.00001 -0.00000 0.00000 -0.00000 -0.00000 0.00000 -0.00001 0.00001 0.00001 -0.00001 
Xopt: -2.10484 -2.10484 -2.10484 2.10484 -2.10484 2.10484 -2.10484 2.10484 2.10484 -2.10484 
Fopt: -55.99
F(Xopt): -55.99
