Fitness: -56.00779143152205
Objective: 0.9277914315220528
Individual: 1.01907 2.37629 0.07598 -2.65005 0.33256 2.54792 -0.31500 2.55231 1.99298 -2.13281 
Gradient: 0.00000 0.00000 0.00000 -0.00000 0.00000 0.00000 -0.00000 0.00001 0.00001 -0.00001 
Xopt: 2.10484 2.10484 -2.10484 -2.10484 2.10484 2.10484 -2.10484 2.10484 2.10484 -2.10484 
Fopt: 55.08
F(Xopt): 55.08
