Fitness: 53.26780832667269
Objective: 0.5921916733273065
Individual: 1.51263 3.00921 0.92212 2.86159 1.91566 -0.24393 2.57007 0.51108 -1.20323 2.33025 
Gradient: 0.00007 0.00000 0.00000 0.00000 0.00000 -0.00000 0.00001 0.00000 -0.00000 0.00001 
Xopt: -2.10484 2.10484 -2.10484 2.10484 2.10484 -2.10484 2.10484 2.10484 -2.10484 2.10484 
Fopt: -53.86
F(Xopt): -53.86
