Fitness: 65.43999892741469
Objective: 1.0725853059057044E-6
Individual: 1.84199 0.77562 -2.40162 2.46942 0.47384 1.73127 -3.89349 1.00026 -0.61375 3.26330 
Gradient: -0.00003 0.00505 0.00006 0.00002 0.00002 0.00041 -0.00372 0.00506 -0.01444 0.34803 
Xopt: 1.84201 0.77513 -2.40163 2.46942 0.47384 1.73127 -3.89349 1.00026 -0.61375 3.26330 
Fopt: -65.44
F(Xopt): -65.44
