Fitness: 103.95999999999526
Objective: 4.732214620162267E-12
Individual: 1.84488 3.34971 3.34886 1.43646 -3.37290 -3.80149 1.59401 2.43950 -2.79014 3.39665 
Gradient: -0.00000 0.00001 0.00001 0.00001 -0.00014 -0.00078 0.00175 0.01049 -0.05454 0.34990 
Xopt: 1.84488 3.34971 3.34886 1.43646 -3.37290 -3.80149 1.59401 2.43950 -2.79014 3.39665 
Fopt: -103.96
F(Xopt): -103.96
