Fitness: 12.079999998986349
Objective: 1.013651385051162E-9
Individual: 1.84849 -3.43206 -3.46304 2.14526 -2.18132 1.28256 2.45339 -3.76146 2.48936 3.56333 
Gradient: 0.00001 -0.00000 -0.00001 0.00002 -0.00009 0.00025 0.00226 -0.01647 0.04896 0.35455 
Xopt: 1.84846 -3.43206 -3.46304 2.14526 -2.18132 1.28256 2.45339 -3.76146 2.48936 3.56333 
Fopt: -12.08
F(Xopt): -12.08
