Fitness: -30.9900004880169
Objective: 4.880169015564206E-7
Individual: 1.84056 2.13149 2.16075 0.72766 3.43553 -0.88554 0.73464 0.64045 -0.06965 3.22997 
Gradient: -0.00132 0.00000 0.00000 0.00001 0.00016 -0.00017 0.00073 0.00271 -0.00159 0.34736 
Xopt: 1.84129 2.13149 2.16075 0.72766 3.43553 -0.88554 0.73464 0.64045 -0.06965 3.22997 
Fopt: 30.99
F(Xopt): 30.99
