Fitness: -62.13000000062478
Objective: 6.247802275538561E-10
Individual: 1.84916 3.21157 -0.02542 3.88702 2.85699 3.89937 -2.17474 -3.40165 1.94526 3.59667 
Gradient: -0.00003 -0.00011 -0.00000 0.00004 0.00014 0.00081 -0.00201 -0.01451 0.04557 0.35598 
Xopt: 1.84918 3.21158 -0.02542 3.88702 2.85699 3.89937 -2.17474 -3.40165 1.94526 3.59667 
Fopt: 62.13
F(Xopt): 62.13
