Fitness: -60.640000002432636
Objective: 2.432635426430352E-9
Individual: 1.84779 -2.07571 1.09934 0.40350 0.78036 -1.33425 -0.91849 3.87873 3.03346 3.52999 
Gradient: 0.00011 -0.00000 0.00000 0.00000 0.00004 -0.00031 -0.00083 0.01732 0.07203 0.35333 
Xopt: 1.84774 -2.07571 1.09934 0.40350 0.78036 -1.33425 -0.91849 3.87873 3.03346 3.52999 
Fopt: 60.64
F(Xopt): 60.64
