Fitness: 138.86999279239933
Objective: 7.207600674519199E-6
Individual: 1.84686 -3.29393 -0.08876 -0.30530 -0.41121 1.58170 -1.77786 2.07969 -2.24604 3.36331 
Gradient: 0.00461 -0.00000 -0.00000 -0.00000 -0.00002 0.00037 -0.00174 0.01030 -0.04474 0.34946 
Xopt: 1.84416 -3.29393 -0.08876 -0.30530 -0.41121 1.58170 -1.77786 2.07969 -2.24604 3.36331 
Fopt: -138.87
F(Xopt): -138.87
