Fitness: -67.43000278098795
Objective: 2.7809879412643568E-6
Individual: 1.84875 -0.71935 -2.33828 -1.33826 3.74205 -3.95106 3.70964 3.51892 3.57756 3.49666 
Gradient: 0.00523 0.00000 -0.00000 -0.00002 0.00017 -0.00082 0.00362 0.01639 0.07650 0.35222 
Xopt: 1.84703 -0.71935 -2.33828 -1.33826 3.74205 -3.95106 3.70964 3.51892 3.57756 3.49666 
Fopt: 67.43
F(Xopt): 67.43
