Fitness: -29.32002506048165
Objective: 2.5060481650740485E-5
Individual: 1.84136 0.63700 2.22410 -3.08002 -1.29627 1.43213 0.33776 3.15911 -3.87834 3.46332 
Gradient: -0.00857 0.00002 0.00000 -0.00003 -0.00007 0.00032 0.00031 0.01601 -0.07977 0.35131 
Xopt: 1.84631 0.63700 2.22410 -3.08002 -1.29627 1.43213 0.33776 3.15911 -3.87834 3.46332 
Fopt: 29.32
F(Xopt): 29.32
