Fitness: -49.7300000000021
Objective: 2.1032064978498966E-12
Individual: 1.84559 1.99336 -1.21352 3.17822 1.66542 -1.18468 -3.03411 2.79930 -3.33424 3.42998 
Gradient: 0.00000 -0.00000 -0.00000 0.00003 0.00008 -0.00028 -0.00275 0.01315 -0.06577 0.35053 
Xopt: 1.84559 1.99336 -1.21352 3.17822 1.66542 -1.18468 -3.03411 2.79930 -3.33424 3.42998 
Fopt: 49.73
F(Xopt): 49.73
