Fitness: 51.51058831415117
Objective: 13.929411685848827
Individual: 1.84201 0.77513 -2.40163 1.78816 -0.66748 1.23148 -2.93177 1.00026 0.11271 3.26330 
Gradient: 0.00004 0.00002 -0.00007 0.00004 -0.00006 0.00009 -0.00086 0.00013 0.00002 0.00069 
Xopt: 1.84201 0.77513 -2.40163 2.46942 0.47384 1.73127 -3.89349 1.00026 -0.61375 3.26330 
Fopt: -65.44
F(Xopt): -65.44
