Fitness: -81.35953548885928
Objective: 13.929535488859273
Individual: 4.93799 0.20139 -2.33828 -1.33826 4.86420 -3.95106 3.70964 3.51892 3.57756 3.49666 
Gradient: 0.00010 -0.41279 -0.00007 -0.00006 0.00020 -0.00027 0.00033 0.00042 0.00054 0.00070 
Xopt: 1.84703 -0.71935 -2.33828 -1.33826 3.74205 -3.95106 3.70964 3.51892 3.57756 3.49666 
Fopt: 67.43
F(Xopt): 67.43
