Fitness: 89.03562925705782
Objective: 14.924370742942173
Individual: 1.84488 1.51909 4.91706 0.75520 -3.94689 -3.80149 1.15291 2.43950 -3.52675 3.39665 
Gradient: 0.00004 0.00003 0.00016 0.00002 -0.00017 -0.00026 0.00013 0.00027 -0.00026 0.00069 
Xopt: 1.84488 3.34971 3.34886 1.43646 -3.37290 -3.80149 1.59401 2.43950 -2.79014 3.39665 
Fopt: -103.96
F(Xopt): -103.96
