Fitness: 0.14050139051732025
Objective: 11.93949860948268
Individual: 1.84846 -4.33974 -4.27118 1.46400 -2.18132 0.24770 1.50839 -3.76146 2.86777 3.56333 
Gradient: 0.00004 -0.00012 -0.00011 0.00003 -0.00011 0.00003 0.00025 -0.00042 0.00031 0.00070 
Xopt: 1.84846 -3.43206 -3.46304 2.14526 -2.18132 1.28256 2.45339 -3.76146 2.48936 3.56333 
Fopt: -12.08
F(Xopt): -12.08
