Fitness: -80.03922771750753
Objective: 17.909227717507527
Individual: 2.84649 2.30390 -0.02542 3.88702 0.98263 4.42987 -2.61584 -4.25420 2.32367 3.59667 
Gradient: 0.00020 0.00009 -0.00001 0.00016 0.00004 0.00065 -0.00029 -0.00054 0.00025 0.00070 
Xopt: 1.84918 3.21158 -0.02542 3.88702 2.85699 3.89937 -2.17474 -3.40165 1.94526 3.59667 
Fopt: 62.13
F(Xopt): 62.13
