Fitness: -64.65437578076286
Objective: 14.924375780762865
Individual: 0.84914 0.16273 -2.02167 2.49696 1.66542 -1.68447 -3.47521 1.94676 -2.95584 3.12003 
Gradient: 0.00003 0.00000 -0.00009 0.00005 0.00010 -0.00013 -0.00039 0.00024 -0.00032 0.00081 
Xopt: 1.84559 1.99336 -1.21352 3.17822 1.66542 -1.18468 -3.03411 2.79930 -3.33424 3.42998 
Fopt: 49.73
F(Xopt): 49.73
