Fitness: -52.879058908064934
Objective: 21.889058908064936
Individual: -1.20916 3.05293 0.59775 0.04640 3.43553 0.13828 0.29354 0.24928 -0.41738 3.22997 
Gradient: -0.00000 0.00015 0.00001 0.00001 0.00019 0.00004 0.00003 0.00004 -0.00008 0.00069 
Xopt: 1.84129 2.13149 2.16075 0.72766 3.43553 -0.88554 0.73464 0.64045 -0.06965 3.22997 
Fopt: 30.99
F(Xopt): 30.99
