Fitness: -73.5744576665746
Objective: 12.934457666574602
Individual: 1.84774 -1.15427 1.86237 -0.27776 -0.36096 -1.33425 -1.35959 3.87873 2.68573 2.91648 
Gradient: 0.00004 -0.00004 0.00004 -0.00001 -0.00003 -0.00010 -0.00015 0.00044 0.00052 0.00035 
Xopt: 1.84774 -2.07571 1.09934 0.40350 0.78036 -1.33425 -0.91849 3.87873 3.03346 3.52999 
Fopt: 60.64
F(Xopt): 60.64
