Fitness: -48.224201933496204
Objective: 18.904201933496203
Individual: 1.84631 1.55844 0.66110 -2.41320 -0.70775 0.39727 0.33776 3.15911 -3.15189 2.84981 
Gradient: 0.00004 0.00005 0.00001 -0.00010 -0.00004 0.00006 0.00003 0.00041 -0.00044 0.00034 
Xopt: 1.84631 0.63700 2.22410 -3.08002 -1.29627 1.43213 0.33776 3.15911 -3.87834 3.46332 
Fopt: 29.32
F(Xopt): 29.32
