Fitness: 129.91537856102258
Objective: 8.954621438977426
Individual: 3.84253 -3.29393 -0.08876 -0.30530 -0.41121 1.58170 -1.77786 2.07969 -2.59377 2.74980 
Gradient: 0.00160 -0.00008 -0.00001 -0.00001 -0.00003 0.00013 -0.00016 0.00026 -0.00050 0.00033 
Xopt: 1.84416 -3.29393 -0.08876 -0.30530 -0.41121 1.58170 -1.77786 2.07969 -2.24604 3.36331 
Fopt: -138.87
F(Xopt): -138.87
