Fitness: -68.04233510392855
Objective: 0.6123351039285438
Individual: 1.06454 -0.71796 -2.33145 -1.33826 3.74205 -3.95106 3.70964 3.51892 3.57756 3.49666 
Gradient: -1.56497 0.00279 0.01365 -0.00000 0.00000 -0.00000 0.00000 0.00000 0.00000 0.00000 
Xopt: 1.84703 -0.71935 -2.33828 -1.33826 3.74205 -3.95106 3.70964 3.51892 3.57756 3.49666 
Fopt: 67.43
F(Xopt): 67.43
