Fitness: 65.44
Objective: 0.0
Individual: 1.82025 0.53530 -2.43127 2.32935 0.37808 1.38082 -3.95027 0.44947 -0.83868 3.05267 
Gradient: 0.16934 0.04762 -0.19447 0.20304 0.03501 0.11040 -0.33171 0.01853 -0.06110 0.26718 
Xopt: 1.84201 0.77513 -2.40163 2.46942 0.47384 1.73127 -3.89349 1.00026 -0.61375 3.26330 
Fopt: -65.44
F(Xopt): -65.44
