Fitness: 103.95999999999788
Objective: 2.1174173525650986E-12
Individual: 1.82230 3.02456 3.29683 1.64088 -2.91711 -3.56515 1.22313 2.50770 -2.96328 3.46332 
Gradient: 0.18002 0.20486 0.31007 0.15046 -0.18920 -0.28617 0.09337 0.23272 -0.25647 0.32428 
Xopt: 1.84488 3.34971 3.34886 1.43646 -3.37290 -3.80149 1.59401 2.43950 -2.79014 3.39665 
Fopt: -103.96
F(Xopt): -103.96
