Fitness: 12.0799999999999
Objective: 9.947598300641403E-14
Individual: 3.16177 -3.33834 -2.72793 3.84843 -1.12767 0.93697 1.49511 -2.98456 3.71475 4.19933 
Gradient: 0.24572 -0.33042 -0.31139 0.26839 -0.10941 0.09280 0.15970 -0.23179 0.30615 0.49327 
Xopt: 1.84846 -3.43206 -3.46304 2.14526 -2.18132 1.28256 2.45339 -3.76146 2.48936 3.56333 
Fopt: -12.08
F(Xopt): -12.08
