Fitness: -62.13
Objective: 0.0
Individual: 2.74600 3.08528 0.09470 3.89409 2.85333 3.43117 -2.32703 -4.07975 2.39976 3.13579 
Gradient: 0.17402 0.30909 0.00905 0.38967 0.27241 0.35613 -0.23226 -0.38233 0.21114 0.29231 
Xopt: 1.84918 3.21158 -0.02542 3.88702 2.85699 3.89937 -2.17474 -3.40165 1.94526 3.59667 
Fopt: 62.13
F(Xopt): 62.13
