Fitness: -29.320000000000004
Objective: 3.552713678800501E-15
Individual: 2.03856 0.53034 1.96463 -2.81536 -1.39601 1.86681 0.39342 2.95252 -3.77836 3.09882 
Gradient: 0.18224 0.04953 0.15764 -0.24252 -0.12241 0.10053 0.03798 0.26164 -0.31744 0.22585 
Xopt: 1.84631 0.63700 2.22410 -3.08002 -1.29627 1.43213 0.33776 3.15911 -3.87834 3.46332 
Fopt: 29.32
F(Xopt): 29.32
