Fitness: -67.43000000000008
Objective: 7.105427357601002E-14
Individual: 1.60405 -0.54595 -2.01341 -1.71793 4.42967 -4.50447 3.68020 2.23493 4.71363 3.69285 
Gradient: 0.15610 -0.05324 -0.23191 -0.21890 0.41832 -0.42822 0.33911 0.13086 0.39836 0.37624 
Xopt: 1.84703 -0.71935 -2.33828 -1.33826 3.74205 -3.95106 3.70964 3.51892 3.57756 3.49666 
Fopt: 67.43
F(Xopt): 67.43
