Fitness: 138.87
Objective: 0.0
Individual: 1.42131 -3.52787 2.22861 2.26226 -2.93051 -0.58226 -1.15134 2.68606 -0.22541 4.17597 
Gradient: 0.14653 -0.36479 0.19244 0.22146 -0.22547 -0.05911 -0.12675 0.36769 -0.01956 0.43550 
Xopt: 1.84416 -3.29393 -0.08876 -0.30530 -0.41121 1.58170 -1.77786 2.07969 -2.24604 3.36331 
Fopt: -138.87
F(Xopt): -138.87
