Fitness: -30.99
Objective: 0.0
Individual: 1.78054 2.41023 1.96061 0.62726 4.25441 -0.96699 -0.04061 0.46026 -0.36159 3.24200 
Gradient: 0.15002 0.21380 0.15817 0.04947 0.23248 -0.09359 -0.00203 0.04120 -0.03135 0.32764 
Xopt: 1.84129 2.13149 2.16075 0.72766 3.43553 -0.88554 0.73464 0.64045 -0.06965 3.22997 
Fopt: 30.99
F(Xopt): 30.99
