Fitness: -49.73
Objective: 0.0
Individual: 1.71933 2.00235 -1.20573 3.27720 1.65748 -1.09926 -2.96053 2.78664 -3.16986 3.32367 
Gradient: 0.12143 0.14232 -0.10811 0.22201 0.12409 -0.08553 -0.23009 0.18339 -0.18020 0.24065 
Xopt: 1.84559 1.99336 -1.21352 3.17822 1.66542 -1.18468 -3.03411 2.79930 -3.33424 3.42998 
Fopt: 49.73
F(Xopt): 49.73
