Fitness: -60.64
Objective: 0.0
Individual: 1.77125 -2.15883 1.16471 0.47367 0.85569 -1.38190 -0.85253 3.94691 2.90201 3.50568 
Gradient: 0.12876 -0.15144 0.09875 0.03937 0.06275 -0.11443 -0.06024 0.29771 0.19176 0.32087 
Xopt: 1.84774 -2.07571 1.09934 0.40350 0.78036 -1.33425 -0.91849 3.87873 3.03346 3.52999 
Fopt: 60.64
F(Xopt): 60.64
